0 0.027990594271056008 0.37609195402298845 0.007327917913638307 0.01029643073200242
0 0.0391577597263788 0.3759588626739262 0.0074048738777255235 0.009854809437386569
0 0.04814878153056862 0.36526315789473685 0.009880290722530997 0.01341197822141561
0 0.06630611372381359 0.3895341802782819 0.009918768704574605 0.013115547489413189
0 0.04129115006412997 0.445438596491228 0.00983753740914921 0.014355716878402904
0 0.05498931167165456 0.43998790078644884 0.009884566053869176 0.013853599516031457
0 0.0339760581445062 0.45854809437386573 0.00738777255237281 0.010653357531760435
0 0.034010260795211626 0.472637628554144 0.007345019238991022 0.010538415003024805
0 0.054890979050876434 0.5037205081669691 0.009824711415134673 0.014071385359951604
0 0.06551517742625054 0.5202117362371446 0.011834117144078666 0.01571082879612825
0 0.153659683625481 0.4967211131276467 0.014976485677640018 0.013345432546884452
0 0.17554938007695597 0.4966424682395645 0.014993587002992732 0.013309134906231096
0 0.4670414707139804 0.6459165154264973 0.01497221034630184 0.010260133091349063
0 0.5070457460453185 0.6458136721113128 0.0146387345019239 0.01014519056261343
0 0.16300555793073962 0.3681306715063521 0.009841812740487387 0.021082879612825168
0 0.20586147926464302 0.34958862673926194 0.009841812740487387 0.013248638838475497
0 0.2180932022231723 0.3511796733212341 0.0075416844805472425 0.010260133091349063
0 0.2522359982898675 0.3705142165759226 0.007729799059427105 0.021070780399274045
0 0.36886276186404443 0.411222020568663 0.019581017528858484 0.013575317604355718
0 0.6398375374091492 0.37448275862068964 0.017511757161179992 0.012099213551119177
0 0.6376442924326635 0.5937991530550514 0.014920906370243693 0.014071385359951604
0 0.8748781530568619 0.5937870538415003 0.01499786233433091 0.01441016333938294
0 0.8726293287729798 0.37319419237749546 0.01790081231295425 0.014767090139140956
0 0.9160239418554937 0.509340592861464 0.009781958101752886 0.014621899576527526
0 0.9197862334330911 0.4609376890502117 0.009884566053869176 0.013418027828191167
0 0.935262932877298 0.46005444646098004 0.0073108165882855925 0.010393224440411374
0 0.9450021376656691 0.4600604960677556 0.0073108165882855925 0.010393224440411374
0 0.9582813168020522 0.4691228070175439 0.007276613937580162 0.01044162129461585
0 0.9198460880718256 0.399491833030853 0.0073108165882855925 0.010393224440411374
0 0.9296964514749892 0.39949788263762853 0.0073108165882855925 0.010393224440411374
0 0.9394955109020949 0.3996067755595886 0.0073108165882855925 0.010393224440411374
0 0.9493458743052586 0.39961282516636415 0.0073108165882855925 0.010393224440411374
0 0.9574861051731509 0.3995704779189353 0.0073108165882855925 0.010393224440411374
0 0.9733903377511758 0.4101209921355112 0.009362975630611371 0.013200241984271022
0 0.919880290722531 0.425989110707804 0.009884566053869176 0.01117967332123412