0 0.24121008403361346 0.3105285035629453 0.015932773109243698 0.006306413301662707
0 0.22609243697478992 0.3067577197149644 0.009092436974789916 0.011858669833729215
0 0.2834705882352941 0.31067102137767216 0.01615126050420168 0.006270783847980998
0 0.3257058823529412 0.31063539192399053 0.01677310924369748 0.006834916864608076
0 0.34563025210084036 0.3105938242280285 0.01646218487394958 0.006431116389548693
0 0.38784033613445373 0.3107185273159145 0.01615126050420168 0.006680522565320665
0 0.43023529411764705 0.3105938242280285 0.01619327731092437 0.006431116389548693
0 0.44998319327731096 0.31073040380047506 0.01597478991596639 0.0063954869358669834
0 0.4926638655462185 0.3105938242280285 0.01615126050420168 0.006431116389548693
0 0.534781512605042 0.31073040380047506 0.016109243697478993 0.0063954869358669834
0 0.5557226890756302 0.31085510688836104 0.016504201680672268 0.006644893111638955
0 0.5979579831932773 0.3107660332541568 0.015361344537815127 0.0058372921615201905
0 0.6400420168067227 0.31057600950118763 0.016109243697478993 0.006710213776722091
0 0.6550252100840336 0.3068646080760095 0.009000000000000001 0.012072446555819476
0 0.6971512605042017 0.3473574821852732 0.013369747899159665 0.005427553444180523
0 0.7839831932773109 0.35800475059382425 0.009176470588235295 0.01143705463182898
0 0.8046806722689076 0.3297268408551069 0.00988235294117647 0.006514251781472685
0 0.8209243697478992 0.3265558194774347 0.01023529411764706 0.0077969121140142525
0 0.8376470588235294 0.297874109263658 0.007504201680672269 0.0040736342042755344
0 0.8126386554621848 0.29780285035629456 0.007697478991596639 0.004673396674584323
0 0.8125630252100841 0.30495843230403796 0.008050420168067228 0.004762470308788598
0 0.8373865546218487 0.305083135391924 0.007747899159663866 0.005374109263657958
0 0.8296806722689076 0.31951900237529696 0.005840336134453781 0.004519002375296913
0 0.837546218487395 0.3295665083135392 0.010092436974789915 0.00588479809976247
0 0.8648151260504202 0.3400296912114014 0.013151260504201682 0.005207838479809976
0 0.8466302521008403 0.34674584323040375 0.009352941176470588 0.007470308788598575
0 0.9386722689075631 0.3513657957244656 0.006932773109243697 0.004287410926365796
0 0.8610252100840335 0.3936104513064133 0.008890756302521008 0.011508313539192398
0 0.8610252100840335 0.4134026128266033 0.008890756302521008 0.011110451306413301
0 0.86109243697479 0.4506057007125891 0.00876470588235294 0.011680522565320666
0 0.8294621848739495 0.43361045130641335 0.008974789915966386 0.011193586698337293
0 0.8293613445378152 0.4475178147268409 0.00876470588235294 0.011454869358669833
0 0.8609915966386554 0.47112826603325414 0.009327731092436975 0.011668646080760094
0 0.8609243697478992 0.5209323040380047 0.009453781512605041 0.011318289786223278
0 0.829563025210084 0.5078444180522566 0.009176470588235295 0.01143705463182898
0 0.8294033613445378 0.5211282660332541 0.009100840336134454 0.011353919239904989
0 0.8611176470588235 0.5584738717339668 0.009075630252100841 0.011478622327790972
0 0.861016806722689 0.5990736342042755 0.008865546218487395 0.01181710213776722
0 0.8330168067226891 0.5955463182897862 0.015319327731092437 0.009804038004750595
0 0.8296050420168067 0.5779216152019002 0.008487394957983193 0.01093230403800475
0 0.8600336134453782 0.6139370546318289 0.008184873949579832 0.008770783847980997
0 0.9385462184873948 0.6037470308788598 0.0069159663865546225 0.004049881235154394
0 0.23610924369747902 0.298895486935867 0.005605042016806723 0.0041270783847981
0 0.2884201680672269 0.29923396674584324 0.005605042016806723 0.0041270783847981
0 0.34066386554621847 0.2991923990498812 0.005605042016806723 0.0041270783847981
0 0.3927058823529412 0.29919833729216155 0.005605042016806723 0.0041270783847981
0 0.44576470588235295 0.2991567695961995 0.005605042016806723 0.0041270783847981
0 0.4969327731092437 0.29925771971496434 0.005605042016806723 0.0041270783847981
0 0.5494453781512605 0.29926365795724463 0.005605042016806723 0.0041270783847981
0 0.6014873949579832 0.29922209026128266 0.005605042016806723 0.0041270783847981
0 0.8083781512605043 0.34610451306413303 0.010680672268907563 0.006965558194774347
0 0.8294957983193277 0.3747209026128266 0.008932773109243699 0.010676959619952494
0 0.696563025210084 0.6457304038004751 0.013352941176470588 0.005362232779097387
0 0.6641596638655463 0.6464608076009501 0.0077815126050420165 0.0053800475059382425
0 0.6377226890756302 0.6457541567695962 0.01326890756302521 0.0058076009501187645
0 0.6470840336134454 0.6349999999999999 0.016605042016806723 0.013034441805225653
0 0.6230252100840336 0.6242102137767221 0.01292436974789916 0.004994061757719715
0 0.5323949579831933 0.6244121140142518 0.013126050420168067 0.005403800475059382
0 0.5141428571428571 0.6244952494061758 0.01292436974789916 0.005564133016627078
0 0.45198319327731096 0.624833729216152 0.012571428571428572 0.00501187648456057
0 0.480655462184874 0.6456710213776722 0.013294117647058824 0.005653206650831353
0 0.4504285714285714 0.6465320665083135 0.009176470588235295 0.0073752969121140145
0 0.4135546218487395 0.6643646080760095 0.010630252100840336 0.0067220902612826604
0 0.41357983193277315 0.6740261282660333 0.010100840336134453 0.006959619952494062
0 0.23688235294117646 0.6933788598574823 0.005302521008403361 0.004228028503562946
0 0.2887563025210084 0.6930166270783847 0.005815126050420168 0.004798099762470309
0 0.3403697478991597 0.6929928741092637 0.005815126050420168 0.004798099762470309
0 0.3925798319327731 0.6930700712589074 0.005815126050420168 0.004798099762470309
0 0.4451512605042017 0.6929928741092637 0.005815126050420168 0.004798099762470309
0 0.5495378151260505 0.6930166270783847 0.005815126050420168 0.004798099762470309
0 0.6017478991596639 0.693248218527316 0.005815126050420168 0.004798099762470309
0 0.4669075630252101 0.6893883610451307 0.010932773109243697 0.007214964370546318
0 0.6727310924369747 0.6176128266033254 0.014369747899159666 0.005985748218527316
0 0.3462605042016807 0.6245902612826603 0.013714285714285715 0.005700712589073634
0 0.36200840336134454 0.6461223277909738 0.016865546218487393 0.007102137767220903
0 0.25752100840336134 0.6460866983372922 0.01653781512605042 0.006775534441805226
0 0.22958823529411762 0.6348990498812352 0.01764705882352941 0.013847980997624703
0 0.21047058823529413 0.6437232779097387 0.014487394957983192 0.006211401425178148
0 0.1935126050420168 0.6183076009501188 0.005966386554621848 0.0043349168646080755
0 0.1616890756302521 0.6108551068883611 0.005899159663865546 0.004720902612826604
0 0.19296638655462184 0.6103800475059383 0.008941176470588235 0.0074762470308788595
0 0.1959327731092437 0.5876365795724465 0.008957983193277312 0.007143705463182898
0 0.1305798319327731 0.5929809976247031 0.006831932773109245 0.006009501187648455
0 0.1404873949579832 0.5932066508313539 0.006831932773109245 0.006009501187648455
0 0.1505966386554622 0.5931413301662708 0.006831932773109245 0.006009501187648455
0 0.13047899159663867 0.6102553444180523 0.006831932773109245 0.006009501187648455
0 0.14045378151260504 0.610290973871734 0.006831932773109245 0.006009501187648455
0 0.15056302521008402 0.6103266033254157 0.006831932773109245 0.006009501187648455
0 0.1304621848739496 0.38271971496437057 0.006831932773109245 0.006009501187648455
0 0.14036974789915965 0.38294536817102137 0.006831932773109245 0.006009501187648455
0 0.15047899159663866 0.38288004750593824 0.006831932773109245 0.006009501187648455
0 0.13036134453781512 0.39999406175771973 0.006831932773109245 0.006009501187648455
0 0.1403361344537815 0.4000296912114014 0.006831932773109245 0.006009501187648455
0 0.1504453781512605 0.40006532066508316 0.006831932773109245 0.006009501187648455
0 0.19347058823529412 0.3829809976247031 0.008327731092436974 0.007286223277909738
0 0.19578991596638656 0.40554631828978627 0.008966386554621848 0.006941805225653207
0 0.16189915966386553 0.38229216152019 0.005705882352941176 0.004061757719714964
0 0.1948235294117647 0.37413895486935866 0.005445378151260505 0.0047921615201900235
0 0.19790756302521006 0.43520783847981 0.0077815126050420165 0.009447743467933492
0 0.19810084033613445 0.5740973871733966 0.007773109243697479 0.009489311163895488
0 0.2594453781512605 0.5994061757719715 0.006176470588235294 0.00742874109263658
0 0.268563025210084 0.5919477434679336 0.009394957983193277 0.007292161520190023
0 0.2775378151260504 0.5799762470308788 0.007773109243697479 0.004804038004750594
0 0.32730252100840335 0.591959619952494 0.01023529411764706 0.00746437054631829
0 0.34678151260504203 0.5916923990498812 0.009336134453781512 0.007624703087885986
0 0.6744285714285715 0.6530047505938242 0.012714285714285714 0.005587885985748218
0 0.2881344537815126 0.5736520190023753 0.0051764705882352945 0.004643705463182898
0 0.44507563025210084 0.5735688836104513 0.0051764705882352945 0.004643705463182898
0 0.4972436974789916 0.5736698337292161 0.0051764705882352945 0.004643705463182898
0 0.2882689075630252 0.44196555819477434 0.006319327731092437 0.00516627078384798
0 0.4448655462184874 0.44201306413301666 0.006319327731092437 0.00516627078384798
0 0.49665546218487394 0.4420546318289786 0.006319327731092437 0.00516627078384798
0 0.6430840336134453 0.4421199524940617 0.005915966386554622 0.004168646080760095
0 0.6660588235294118 0.41220308788598575 0.01407563025210084 0.005890736342042755
0 0.7538319327731092 0.38886579572446556 0.006319327731092437 0.0040736342042755344
0 0.23015126050420168 0.4959204275534442 0.014226890756302521 0.009536817102137767