0 0.12467226890756304 0.37829572446555815 0.007630252100840336 0.006128266033254157
0 0.13478991596638656 0.3783847980997625 0.007630252100840336 0.005985748218527316
0 0.11442857142857142 0.3962114014251782 0.007630252100840336 0.00588479809976247
0 0.1340924369747899 0.39616389548693587 0.007630252100840336 0.00578978622327791
0 0.12390756302521007 0.3960273159144893 0.007630252100840336 0.0058372921615201905
0 0.11357142857142857 0.5932007125890737 0.007630252100840336 0.006128266033254157
0 0.12375630252100842 0.593165083135392 0.007630252100840336 0.006128266033254157
0 0.13387394957983192 0.5932541567695961 0.007630252100840336 0.005985748218527316
0 0.11351260504201682 0.6110807600950119 0.007630252100840336 0.00588479809976247
0 0.13306722689075628 0.6111104513064133 0.007630252100840336 0.00578978622327791
0 0.12288235294117646 0.6109738717339668 0.007630252100840336 0.0058372921615201905
0 0.14546218487394957 0.6115736342042756 0.0067226890756302525 0.004602137767220902
0 0.1776470588235294 0.6110154394299288 0.009210084033613446 0.007048693586698337
0 0.18030252100840335 0.587773159144893 0.009512605042016807 0.007001187648456056
0 0.18243697478991597 0.5738657957244655 0.008966386554621848 0.010249406175771972
0 0.2153697478991597 0.49375890736342043 0.01605042016806723 0.010195961995249407
0 0.18254621848739494 0.4314845605700713 0.009168067226890756 0.0101187648456057
0 0.2218487394957983 0.4291508313539193 0.010394957983193277 0.012155581947743467
0 0.2750336134453782 0.43883610451306415 0.006478991596638655 0.00498812351543943
0 0.19807563025210084 0.4082897862232779 0.017016806722689074 0.0065083135391924
0 0.21905042016806725 0.38631235154394294 0.009663865546218488 0.012529691211401427
0 0.2191512605042017 0.35112826603325414 0.00992436974789916 0.011846793349168645
0 0.20035294117647057 0.34692992874109263 0.014697478991596638 0.00588479809976247
0 0.27486554621848736 0.2930581947743468 0.006537815126050421 0.0052197149643705455
0 0.32798319327731096 0.29248218527315917 0.005394957983193277 0.004311163895486936
0 0.381672268907563 0.29301068883610454 0.006873949579831932 0.0051187648456057005
0 0.4362857142857142 0.2928681710213777 0.006352941176470588 0.004358669833729216
0 0.4882773109243697 0.2929750593824228 0.00680672268907563 0.005285035629453682
0 0.5416974789915966 0.2929750593824228 0.007260504201680673 0.005285035629453682
0 0.5950420168067228 0.29292161520190024 0.006890756302521008 0.005296912114014252
0 0.1144873949579832 0.3783313539192399 0.007630252100840336 0.006128266033254157
0 0.8357731092436975 0.29122327790973873 0.008823529411764706 0.005985748218527316
0 0.8110336134453782 0.2983610451306413 0.00822689075630252 0.00588479809976247
0 0.8358823529411765 0.29843230403800475 0.008739495798319327 0.00578978622327791
0 0.8109243697478992 0.291229216152019 0.00788235294117647 0.005285035629453682
0 0.8194117647058824 0.3208729216152019 0.011739495798319328 0.008907363420427554
0 0.8028319327731093 0.3236104513064133 0.01069747899159664 0.0064251781472684085
0 0.8357563025210084 0.3242517814726841 0.010840336134453782 0.006805225653206651
0 0.8064033613445378 0.34075415676959625 0.011033613445378152 0.007802850356294537
0 0.8454201680672269 0.34098574821852734 0.010394957983193277 0.007814726840855107
0 0.8640168067226891 0.3344536817102138 0.015050420168067227 0.0058669833729216156
0 0.8603193277310924 0.36855700712589073 0.010714285714285714 0.00751187648456057
0 0.8440588235294118 0.36415083135391924 0.0177563025210084 0.007161520190023753
0 0.8273445378151261 0.37245249406175773 0.01096638655462185 0.006710213776722091
0 0.8272436974789915 0.39109857482185273 0.01096638655462185 0.006627078384798099
0 0.8273193277310924 0.4248634204275535 0.011117647058823529 0.007880047505938242
0 0.860890756302521 0.442416864608076 0.012621848739495798 0.008598574821852731
0 0.8611512605042017 0.4683551068883611 0.012563025210084034 0.008652019002375297
0 0.8745714285714286 0.4704394299287411 0.012588235294117647 0.008865795724465558
0 0.8272100840336134 0.48082541567695963 0.01126890756302521 0.007820665083135392
0 0.8619495798319328 0.48160926365795725 0.008957983193277312 0.005831353919239905
0 0.9394957983193277 0.3459501187648456 0.006764705882352942 0.004061757719714964
0 0.8611596638655462 0.394833729216152 0.012411764705882353 0.008444180522565322
0 0.8745294117647059 0.39517814726840855 0.012563025210084034 0.008604513064133016
0 0.8619327731092438 0.4062351543942993 0.009025210084033614 0.006152019002375297
0 0.8609999999999999 0.5182066508313539 0.011907563025210084 0.007808788598574822
0 0.782327731092437 0.5268408551068884 0.010512605042016806 0.007500000000000001
0 0.7713781512605042 0.5298099762470309 0.010537815126050419 0.007559382422802851
0 0.7976890756302522 0.5460035629453682 0.01019327731092437 0.007357482185273159
0 0.7711680672268908 0.5529513064133016 0.011168067226890755 0.007298099762470308
0 0.7623865546218488 0.5451425178147268 0.009142857142857144 0.0056413301662707836
0 0.7712605042016807 0.5664073634204275 0.010563025210084034 0.007577197149643705
0 0.8262436974789916 0.5801840855106888 0.012226890756302521 0.007945368171021379
0 0.8438571428571429 0.5818289786223277 0.01742016806722689 0.007327790973871734
0 0.8317478991596639 0.5954691211401425 0.01612605042016807 0.010213776722090262
0 0.8594117647058824 0.6146080760095012 0.009277310924369748 0.0097624703087886
0 0.8618655462184873 0.557060570071259 0.008378151260504202 0.006383610451306413
0 0.8611428571428571 0.5457779097387173 0.011932773109243696 0.008402612826603326
0 0.8744621848739494 0.5457422802850356 0.012487394957983193 0.009073634204275535
0 0.9394789915966387 0.604186460807601 0.006798319327731092 0.004275534441805226
0 0.8271764705882353 0.5455285035629454 0.01122689075630252 0.007393111638954869
0 0.8191680672268907 0.45798693586698336 0.010243697478991596 0.007814726840855107
0 0.7823025210084034 0.458438242280285 0.010134453781512606 0.007066508313539193
0 0.7730588235294118 0.4496021377672209 0.008504201680672268 0.010095011876484561
0 0.7504789915966387 0.38369952494061754 0.006840336134453782 0.005017814726840855
0 0.6531260504201681 0.3279809976247031 0.009899159663865545 0.007399049881235155
0 0.6529747899159664 0.341104513064133 0.010336134453781513 0.007785035629453681
0 0.6928403361344538 0.3419774346793349 0.014218487394957985 0.0059382422802850355
0 0.680781512605042 0.35308194774346796 0.010117647058823528 0.012434679334916866
0 0.6545294117647059 0.3646080760095012 0.014966386554621848 0.005985748218527316
0 0.6673529411764706 0.6182838479809977 0.015327731092436974 0.005878859857482185
0 0.6413361344537816 0.6360035629453682 0.018571428571428572 0.014352731591448932
0 0.6071764705882353 0.6466152019002376 0.01457983193277311 0.006247030878859857
0 0.6172016806722689 0.6252256532066509 0.014361344537815126 0.006009501187648455
0 0.6921512605042016 0.6467636579572447 0.01438655462184874 0.005967933491686461
0 0.658781512605042 0.6478681710213776 0.008403361344537815 0.0059026128266033255
0 0.6694453781512605 0.654418052256532 0.01319327731092437 0.0058076009501187645
0 0.5063781512605042 0.6253028503562945 0.014378151260504202 0.0061342042755344415
0 0.5256638655462185 0.6252434679334917 0.01426890756302521 0.006009501187648455
0 0.5009747899159663 0.6465676959619953 0.015142857142857142 0.006057007125890736
0 0.4405210084033614 0.6476128266033254 0.010899159663865546 0.007672209026128266
0 0.45759663865546213 0.6730997624703088 0.011184873949579833 0.007707838479809976
0 0.4027394957983193 0.6729453681710214 0.010369747899159664 0.00764251781472684
0 0.3589327731092437 0.6464904988123515 0.014789915966386557 0.005831353919239905
0 0.33396638655462185 0.6253681710213777 0.014168067226890756 0.006175771971496437
0 0.31452100840336134 0.592001187648456 0.01069747899159664 0.007838479809976246
0 0.33402521008403363 0.5917458432304038 0.010260504201680672 0.007321852731591449
0 0.2636974789915966 0.5797624703087886 0.008033613445378151 0.005290973871733967
0 0.2744537815126051 0.5727909738717339 0.00580672268907563 0.004780285035629454
0 0.435 0.5730938242280286 0.00580672268907563 0.004780285035629454
0 0.4884789915966386 0.5730285035629453 0.00580672268907563 0.004780285035629454
0 0.48875630252100843 0.43886579572446555 0.00580672268907563 0.004780285035629454
0 0.43490756302521005 0.4389133016627078 0.00580672268907563 0.004780285035629454
0 0.6382689075630252 0.43906175771971495 0.00580672268907563 0.004637767220902612
0 0.5953445378151261 0.6954275534441805 0.00580672268907563 0.004827790973871734
0 0.5414873949579831 0.6953859857482185 0.00580672268907563 0.004827790973871734
0 0.4348067226890756 0.6954216152019002 0.00580672268907563 0.004827790973871734
0 0.38176470588235295 0.695332541567696 0.00580672268907563 0.004827790973871734
0 0.3282521008403361 0.6954334916864607 0.00580672268907563 0.004827790973871734
0 0.2750756302521008 0.6955344418052256 0.00580672268907563 0.004827790973871734
0 0.22179831932773109 0.6957779097387173 0.005201680672268908 0.004257719714964371
0 0.19542857142857142 0.6449228028503563 0.014554621848739496 0.006092636579572447
0 0.2147310924369748 0.6358372921615202 0.01803361344537815 0.01428147268408551
0 0.25240336134453784 0.6466983372921615 0.014722689075630251 0.00584916864608076
0 0.2545966386554622 0.5918705463182898 0.010201680672268908 0.008070071258907364
0 0.24552100840336136 0.5994952494061757 0.006840336134453782 0.0076365795724465555
0 0.4419915966386555 0.6256532066508314 0.013563025210084035 0.005558194774346793
0 0.17763025210084032 0.6189133016627079 0.006184873949579832 0.004192399049881235
0 0.45743697478991596 0.38735154394299287 0.011100840336134454 0.007755344418052257
0 0.5327563025210085 0.38727434679334916 0.010310924369747898 0.007262470308788599
0 0.22147899159663867 0.2925 0.005815126050420168 0.004340855106888361
0 0.17757142857142857 0.3782185273159145 0.009285714285714286 0.007048693586698337
0 0.17956302521008405 0.3701128266033254 0.005781512605042016 0.003657957244655582
0 0.1802436974789916 0.4012470308788599 0.009310924369747899 0.007131828978622328
0 0.14543697478991596 0.37747030878859855 0.005159663865546218 0.004679334916864608