0 0.13889493849566445 0.35686475701866893 0.008939302278685219 0.006612512469716403
0 0.15118168985682598 0.3568576314664387 0.008939302278685219 0.006612512469716403
0 0.16346844121798748 0.35685050591420836 0.008939302278685219 0.006612512469716403
0 0.1389312361363178 0.37846515604959385 0.008939302278685219 0.006612512469716403
0 0.15121798749747933 0.37845803049736354 0.008939302278685219 0.006612512469716403
0 0.16350473885864086 0.3784509049451333 0.008939302278685219 0.006612512469716403
0 0.17726557773744706 0.356052444064415 0.0068400887275660415 0.0049864614507624345
0 0.21571486186731195 0.357345019238991 0.011528533978624723 0.008718825708992448
0 0.21833434160112927 0.34653413139518313 0.006654567453115548 0.004929457032920052
0 0.21941117160717885 0.38455322787516033 0.01133696309739867 0.008717400598546388
0 0.22231094978826377 0.421556220607097 0.00912885662431942 0.011705857203933304
0 0.15111312764670295 0.6167179706427248 0.008939302278685219 0.006441499216189255
0 0.16339987900786448 0.616722245974063 0.008939302278685219 0.0064186974490523015
0 0.13891107078039927 0.6382969930169589 0.008939302278685219 0.006498503634031638
0 0.1511494252873563 0.6382955679065128 0.008939302278685219 0.006487102750463161
0 0.16343617664851784 0.6382827419124982 0.008939302278685219 0.006498503634031638
0 0.13882637628554145 0.6167364970785236 0.008939302278685219 0.0064186974490523015
0 0.1772635612018552 0.6390081231295426 0.006795724944545271 0.004872452615077668
0 0.21564025005041337 0.6378651845518027 0.011550715870135108 0.008617642867322218
0 0.21606170598911073 0.648753028359698 0.006674732809034079 0.004952258800057004
0 0.21942932042750557 0.6106313239276044 0.01146400483968542 0.00860624198375374
0 0.22230893325267193 0.5934373663958956 0.009118773946360154 0.011842667806755023
0 0.23711837063924177 0.6794912355707567 0.016856221012300866 0.006239133532848796
0 0.26106271425690664 0.6687986318939718 0.02054446460980036 0.01732364258230013
0 0.3126356120185521 0.6816787801054582 0.016329905222827183 0.0062818868462305825
0 0.44186126235128054 0.6816189254667236 0.01653559185319621 0.006327490380504489
0 0.5363843516838072 0.6816303263502922 0.016581972171808835 0.006270485962662106
0 0.7301492236337971 0.6816488527860909 0.016569872958257712 0.006306113723813595
0 0.8105908449284129 0.6913139518312669 0.01667473280903408 0.006296137950691179
0 0.7978463399879008 0.6834957959241842 0.009068360556563824 0.006346016816303264
0 0.8380459770114942 0.6816930312099188 0.01657995563621698 0.006412997007268063
0 0.8826416616253278 0.6687915063417414 0.02070578745714862 0.01738064700014251
0 0.8881004234724743 0.698299843237851 0.014145997176850172 0.009447057146928887
0 0.7462855414398064 0.6968148781530569 0.011617261544666264 0.00871027504631609
0 0.6735370034281105 0.6967764001710132 0.011804799354708611 0.008721675929884567
0 0.7205444646098004 0.7406569759156334 0.006686832022585198 0.0050021376656690895
0 0.6300604960677556 0.6967764001710132 0.011718088324258923 0.008653270628473706
0 0.5952127445049404 0.6967764001710132 0.011740270215769308 0.008600541541969502
0 0.553530953821335 0.6967193957531709 0.01181084896148417 0.008650420407581587
0 0.5511554748941319 0.7155650562918626 0.011693889897156685 0.008885563631181417
0 0.514916313772938 0.6975587858059 0.011879411171607178 0.008698874162747613
0 0.48724137931034484 0.7058800057004417 0.012216172615446661 0.008237138378224313
0 0.810645291389393 0.6470172438363974 0.016771526517443035 0.006314664386489953
0 0.7292881629360758 0.6561607524583155 0.015152248437184917 0.005550805187402024
0 0.6827687033676144 0.6558329770557217 0.016694898164952614 0.0061721533418839965
0 0.6364266989312362 0.6562006555508052 0.014938495664448477 0.005543679635171725
0 0.5485380116959064 0.6557816730796636 0.01653559185319621 0.006271911073108166
0 0.4050151240169389 0.6557987744050163 0.016743295019157087 0.006284737067122702
0 0.26940310546481144 0.7410431808465155 0.005674531155474894 0.0042397035770272195
0 0.33335148215366 0.7406854781245547 0.006448880822746522 0.004957959241841243
0 0.3979653155878201 0.7406997292290152 0.006672716273442227 0.005014963659683625
0 0.46249445452712246 0.740666951688756 0.006672716273442227 0.005014963659683625
0 0.5270679572494454 0.740694028787231 0.006672716273442227 0.005014963659683625
0 0.6560899374873966 0.7407082798916916 0.006672716273442227 0.005014963659683625
0 0.2618390804597701 0.496937437651418 0.017301875378100424 0.01145503776542682
0 0.33335349868925185 0.43015961236995864 0.00677555958862674 0.004989311671654553
0 0.2978423069167171 0.6245646287587288 0.007192982456140351 0.009488385349864615
0 0.30960072595281307 0.6155821576172154 0.01171607178866707 0.00884423542824569
0 0.31992538818310146 0.6005101895396893 0.009203468441217987 0.006068120279321647
0 0.33317806009276063 0.5926250534416417 0.007138535995160314 0.004920906370243694
0 0.38162532768703367 0.6155793073963233 0.011720104859850776 0.008745902807467579
0 0.4052268602540835 0.6155052016531282 0.011746319822544867 0.008686048168733078
0 0.5269207501512402 0.5926293287729798 0.006918733615648317 0.005052016531281175
0 0.5914498890905424 0.5926378794356563 0.006906634402097197 0.005069117856633889
0 0.2255656382335148 0.29571754310959103 0.016878402903811252 0.0063018383924754165
0 0.33185924581568865 0.2697748325495226 0.008848558177051826 0.006468576314664387
0 0.3332909860859044 0.2537466153626906 0.006672716273442227 0.004982186119424256
0 0.26156281508368623 0.3263417414849651 0.02049808429118774 0.01754025937010118
0 0.2830973986690865 0.33933589853213625 0.016523492639645088 0.006354567478979622
0 0.3336015325670498 0.3134601681630327 0.01660012099213551 0.006291862619353
0 0.3192881629360758 0.2991563346159327 0.012077031659608791 0.008353997434801197
0 0.3312038717483364 0.2893273478694599 0.012216172615446661 0.008483682485392618
0 0.3512986489211534 0.2990323500071255 0.01220810647307925 0.008470856491378081
0 0.43704577535793504 0.28934017386347444 0.011992337164750958 0.008452330055579308
0 0.43957854406130265 0.30873592703434516 0.013720508166969148 0.009501211343879152
0 0.46010889292196006 0.31350719680775263 0.01700342811050615 0.006311814165597834
0 0.4784795321637427 0.3093415989739205 0.011970155273240572 0.008319794784095768
0 0.3783161927808026 0.3393971782813168 0.016553740673522888 0.006294712840245119
0 0.45673522887678963 0.339328772979906 0.016590038314176245 0.006286162177568761
0 0.5382597297842306 0.32636739347299415 0.020703770921556765 0.017564486247684197
0 0.40452913893930226 0.3675331338178709 0.016948981649526112 0.006296137950691179
0 0.5101270417422867 0.3675317087074248 0.016777576124218593 0.006411571896822004
0 0.3978866706997378 0.25375516602536696 0.006765476910667472 0.005052016531281175
0 0.4623875781407542 0.25380076955964087 0.006793708408953418 0.005042040758158757
0 0.44974188344424276 0.2676286162177569 0.009352692075015125 0.006260510189539689
0 0.44974188344424276 0.27773549950121135 0.009352692075015125 0.006395895681915348
0 0.5285218794111716 0.25344591705857206 0.005698729582577133 0.0044819723528573465
0 0.5915345835854003 0.25375801624625904 0.006729179270014115 0.005024939432806042
0 0.6559790280298448 0.25372808892689186 0.006654567453115548 0.004960809462733362
0 0.7205807622504538 0.25377084224027363 0.006610203670094778 0.005043465868604817
0 0.5662411776567856 0.31229585292860196 0.012103246622302884 0.008435228730226592
0 0.591332930026215 0.31336183554225455 0.009005847953216373 0.006762149066552659
0 0.6047408751764468 0.3123728088926892 0.011629360758217383 0.008492233148068976
0 0.6945392216172616 0.3108237138378225 0.012401693889897156 0.008379649422830268
0 0.7290723936277475 0.31236283311956675 0.011659608792095181 0.008470856491378081
0 0.7909397055858036 0.3124055864329486 0.011728171002218188 0.00834259655123272
0 0.8388445251058682 0.3135029214764144 0.01684008872756604 0.006428673222174718
0 0.8816051623311152 0.32629328772979904 0.02055454728775963 0.01745047741199943
0 0.8880560596894534 0.29959241841242695 0.014291187739463602 0.009515462448339746
0 0.707513611615245 0.2831266923186547 0.011625327687033676 0.008651845518027647
0 0.6683908045977012 0.282774690038478 0.009142972373462392 0.006448624768419553
0 0.6684008872756604 0.2568733076813453 0.009175236942932043 0.006381644577454753
0 0.6046077838273846 0.28918056149351573 0.012143577334139947 0.008728801482114863
0 0.5664186327888687 0.2892760438934017 0.012060899374873967 0.008772979905942712
0 0.5927283726557774 0.2773763716688043 0.00902802984472676 0.006495653413139518
0 0.7923089332526719 0.340695453897677 0.016979229683403912 0.006297563061137238
0 0.7264065335753176 0.33931879720678354 0.016583988707400684 0.006393045461023229
0 0.6657612421859246 0.34045603534273905 0.011859245815688648 0.008667521732934303
0 0.638997781810849 0.340431808465156 0.011847146602137528 0.008539261792788942
0 0.7420084694494857 0.3628245689040901 0.011845130066545674 0.008304118569189113
0 0.7588082274652147 0.373470143936155 0.012081064730792498 0.008207211058857062
0 0.7609578544061303 0.3946871882570899 0.011403508771929824 0.008383924754168447
0 0.7101129259931438 0.36274618782955675 0.012036700947771728 0.00817585862904375
0 0.7573865698729583 0.41263217899387206 0.009292196007259527 0.006383069687900813
0 0.7573603549102642 0.42737922188969646 0.009255898366606171 0.006210631323927604
0 0.7725226860254084 0.43052301553370387 0.005993143778987699 0.004229727803904803
0 0.5788404920346844 0.2676913210773835 0.009044162129461585 0.006450049878865612
0 0.6838152853397862 0.3729685050591421 0.012097197015527325 0.008220037052871597
0 0.6960274248840492 0.39467151204218326 0.01182294817503529 0.008419552515319936
0 0.7375357935067554 0.3946814878153057 0.01182294817503529 0.008439504061564771
0 0.67230691671708 0.4274091492090637 0.009388989715668481 0.006401596123699587
0 0.5914539221617261 0.43015961236995864 0.00685218794111716 0.005004987886561208
0 0.583599516031458 0.42694598831409436 0.009185319620891308 0.006237708422402737
0 0.5269247832224239 0.43016673792218896 0.006823956442831217 0.004977910788086077
0 0.5978019762048801 0.36163745190252244 0.011919741883444242 0.008291292575174577
0 0.5977757612421859 0.37162747612940006 0.011925791490219802 0.008346871882570899
0 0.5978140754184311 0.40429528288442357 0.011941923774954628 0.008222887273763716
0 0.5692942125428514 0.4042739062277326 0.012072998588425084 0.008222887273763716
0 0.5423250655374067 0.40423970357702727 0.011915708812260537 0.008497933589853214
0 0.5692417826174632 0.3881316802052159 0.01210727969348659 0.008405301410859342
0 0.5692901794716677 0.37803049736354566 0.012085097801976205 0.008406726521305401
0 0.5692155676547691 0.36129400028502207 0.012097197015527325 0.008566338891264073
0 0.5835047388586408 0.33928744477697026 0.01685823754789272 0.006289012398460881