0 0.20137965760322254 0.7745021645021646 0.01862034239677744 0.028196248196248195
0 0.23164149043303123 0.7523520923520923 0.01448136958710977 0.010764790764790765
0 0.18081570996978852 0.7930591630591631 0.013705941591137966 0.011572871572871572
0 0.21521651560926486 0.7998701298701298 0.010090634441087614 0.014992784992784993
0 0.2537260825780463 0.8553246753246754 0.012094662638469285 0.016565656565656565
0 0.2088821752265861 0.9013275613275613 0.0051762336354481365 0.009812409812409812
0 0.26369587109768383 0.900966810966811 0.006253776435045317 0.010072150072150073
0 0.2715609264853978 0.7986147186147187 0.01678751258811682 0.013549783549783551
0 0.3199697885196375 0.9014430014430015 0.006253776435045317 0.010072150072150073
0 0.3753172205438066 0.9012554112554113 0.006253776435045317 0.010072150072150073
0 0.43112789526686807 0.9017316017316017 0.006253776435045317 0.010072150072150073
0 0.5426586102719033 0.9012121212121211 0.006253776435045317 0.010072150072150073
0 0.5982376636455186 0.9006926406926407 0.006253776435045317 0.010072150072150073
0 0.861067472306143 0.9105194805194805 0.014209466263846927 0.022496392496392497
0 0.846122860020141 0.9101298701298701 0.014209466263846927 0.022496392496392497
0 0.7937059415911379 0.8824963924963926 0.010382678751258811 0.015584415584415586
0 0.4538972809667674 0.752034632034632 0.014793554884189325 0.011875901875901877
0 0.5090231621349446 0.7521212121212122 0.01445115810674723 0.011183261183261184
0 0.5247029204431017 0.80002886002886 0.01689828801611279 0.014141414141414142
0 0.5386304128902316 0.8189466089466089 0.010976837865055388 0.014184704184704185
0 0.9575830815709969 0.7070274170274171 0.007462235649546828 0.0084992784992785
0 0.9574420946626385 0.16108225108225108 0.006505538771399798 0.008138528138528138
0 0.919496475327291 0.37913419913419916 0.01092648539778449 0.013232323232323233
0 0.9195871097683787 0.43956709956709955 0.010735146022155086 0.013232323232323233
0 0.9197683786505539 0.39835497835497835 0.01092648539778449 0.013953823953823954
0 0.5495669687814703 0.7531890331890333 0.013282980866062437 0.011183261183261184
0 0.60539778449144 0.7524819624819625 0.013282980866062437 0.0112987012987013
0 0.6140684793554884 0.7973737373737374 0.013282980866062437 0.011067821067821068
0 0.6736757301107754 0.7374458874458875 0.013605236656596173 0.01165945165945166
0 0.6755991943605236 0.8142135642135642 0.014018126888217523 0.011702741702741703
0 0.6998086606243705 0.8016161616161616 0.014018126888217523 0.011702741702741703
0 0.2635850956696878 0.6418326118326119 0.006827794561933535 0.011385281385281385
0 0.4306948640483384 0.642063492063492 0.006918429003021148 0.011385281385281385
0 0.48697885196374624 0.6422366522366523 0.006988922457200403 0.011385281385281385
0 0.7639778449144008 0.8185858585858585 0.007462235649546828 0.021284271284271284
0 0.749385699899295 0.7935930735930736 0.01675730110775428 0.025324675324675326
0 0.6464551863041289 0.7744300144300144 0.018610271903323265 0.02950937950937951
0 0.8325478348439074 0.6399134199134199 0.010664652567975831 0.015584415584415586
0 0.8578046324269889 0.6492207792207793 0.021087613293051363 0.027287157287157287
0 0.8449345417925478 0.6897113997113997 0.015397784491440079 0.0197979797979798
0 0.87404833836858 0.6968975468975469 0.007854984894259818 0.01922077922077922
0 0.8740886203423968 0.7297546897546898 0.008418932527693856 0.020577200577200576
0 0.8210372608257804 0.6207070707070707 0.010553877139979859 0.01443001443001443
0 0.7769989929506546 0.5817027417027417 0.008056394763343404 0.013131313131313131
0 0.833031218529708 0.5790764790764791 0.010100704934541791 0.01598845598845599
0 0.8736757301107754 0.5184992784992785 0.007915407854984895 0.0189033189033189
0 0.8402618328298087 0.48509379509379513 0.011017119838872104 0.014473304473304473
0 0.7978851963746223 0.439004329004329 0.010553877139979859 0.015223665223665224
0 0.7976737160120846 0.3982395382395383 0.010604229607250755 0.013982683982683982
0 0.7977744209466264 0.37900432900432895 0.010422960725075528 0.013867243867243867
0 0.7771399798590132 0.5267965367965368 0.008429003021148036 0.011630591630591632
0 0.8097381671701914 0.5390909090909091 0.010654582074521652 0.015656565656565657
0 0.7602114803625377 0.24246753246753247 0.0074521651560926485 0.009682539682539683
0 0.8289627391742195 0.19888888888888892 0.014823766364551863 0.014083694083694084
0 0.8738368580060423 0.25865800865800864 0.009174219536757301 0.020822510822510822
0 0.8739476334340384 0.2907936507936508 0.008942598187311178 0.020735930735930736
0 0.9165558912386707 0.1930880230880231 0.014491440080563947 0.012438672438672438
0 0.8901409869083585 0.18691197691197692 0.008429003021148036 0.022655122655122654
0 0.8592447129909365 0.150995670995671 0.010553877139979859 0.015873015873015872
0 0.8822860020140987 0.1369119769119769 0.014491440080563947 0.012222222222222223
0 0.8189828801611279 0.1498124098124098 0.011158106747230615 0.015714285714285715
0 0.7975629405840886 0.17597402597402598 0.018710976837865052 0.03064935064935065
0 0.7742900302114804 0.19906204906204905 0.015236656596173213 0.013116883116883117
0 0.7638972809667673 0.11836940836940837 0.008801611278952669 0.02225108225108225
0 0.7492849949647532 0.15727272727272726 0.018016112789526688 0.027734487734487733
0 0.7001208459214502 0.14672438672438673 0.015558912386706947 0.013290043290043291
0 0.6670594159113796 0.1518037518037518 0.01796576032225579 0.014805194805194806
0 0.8493856998992951 0.11464646464646465 0.01028197381671702 0.013477633477633477
0 0.8321047331319235 0.10704184704184705 0.011852970795568983 0.01753246753246753
0 0.8147935548841894 0.1145021645021645 0.010191339375629405 0.014285714285714287
0 0.8496878147029204 0.045526695526695526 0.008569989929506546 0.009971139971139971
0 0.8497985901309164 0.06161616161616162 0.008338368580060422 0.009624819624819625
0 0.8234944612286003 0.06131313131313132 0.0075931520644511585 0.009696969696969697
0 0.8236153071500504 0.04598845598845599 0.007361530715005035 0.009567099567099568
0 0.6668378650553877 0.2975180375180375 0.021399798590130917 0.02691197691197691
0 0.6344612286002014 0.30235209235209237 0.017734138972809666 0.01518037518037518
0 0.523826787512588 0.3021212121212121 0.017734138972809666 0.01406926406926407
0 0.5510674723061431 0.3032178932178932 0.017915407854984893 0.01497835497835498
0 0.43965760322255787 0.3026406926406926 0.017734138972809666 0.015108225108225109
0 0.412416918429003 0.3024531024531024 0.01755287009063444 0.016017316017316017
0 0.32797583081570997 0.3023232323232323 0.017915407854984893 0.01575757575757576
0 0.3010070493454179 0.3023232323232323 0.018277945619335347 0.01575757575757576
0 0.21835850956696878 0.30277056277056275 0.018147029204431016 0.015367965367965369
0 0.20155085599194358 0.32857142857142857 0.01845921450151057 0.03064935064935065
0 0.16527693856998993 0.3427705627705628 0.008821752265861026 0.02142857142857143
0 0.16482376636455184 0.278008658008658 0.00972809667673716 0.015122655122655123
0 0.16211480362537764 0.2298124098124098 0.00972809667673716 0.014054834054834054
0 0.16418932527693855 0.2112265512265512 0.004843907351460221 0.007994227994227995
0 0.09554884189325276 0.2287012987012987 0.007824773413897281 0.012481962481962483
0 0.10625377643504533 0.2284126984126984 0.007059415911379658 0.012539682539682538
0 0.11701913393756294 0.22877344877344877 0.006878147029204431 0.011313131313131313
0 0.09565961732124874 0.267041847041847 0.007603222557905337 0.012005772005772006
0 0.1058207452165156 0.2671428571428571 0.0075528700906344415 0.012842712842712843
0 0.11625377643504531 0.26711399711399714 0.008056394763343404 0.01341991341991342
0 0.18487411883182278 0.16225108225108226 0.014974823766364552 0.011832611832611832
0 0.08733131923464249 0.46365079365079365 0.01448136958710977 0.02005772005772006
0 0.08756294058408862 0.4844733044733045 0.01448136958710977 0.02005772005772006
0 0.20197381671701914 0.47382395382395387 0.015246727089627392 0.02095238095238095
0 0.20425981873111784 0.5618470418470418 0.00850956696878147 0.020634920634920634
0 0.16234642497482377 0.7387878787878788 0.006797583081570997 0.008845598845598846
0 0.16260825780463242 0.7208658008658009 0.009375629405840887 0.015108225108225109
0 0.16483383685800604 0.6723809523809523 0.00943605236656596 0.015108225108225109
0 0.16594159113796575 0.642958152958153 0.009234642497482376 0.020894660894660896
0 0.5558006042296072 0.09645021645021645 0.011117824773413897 0.016233766233766232
0 0.5379154078549848 0.09652236652236652 0.011812688821752267 0.01505050505050505
0 0.6320443101711984 0.037965367965367966 0.011691842900302115 0.016637806637806635
0 0.598318227593152 0.049177489177489174 0.0063141993957703925 0.011457431457431458
0 0.5431520644511582 0.04933621933621933 0.005568982880161128 0.011457431457431458
0 0.48705941591137963 0.04898989898989899 0.0063141993957703925 0.011616161616161616
0 0.4322557905337362 0.04806637806637807 0.005427995971802618 0.008455988455988456
0 0.375337361530715 0.04852813852813853 0.006364551863041289 0.011082251082251082
0 0.32 0.04900432900432901 0.006576032225579054 0.011645021645021646
0 0.2636354481369587 0.04877344877344877 0.006576032225579054 0.011197691197691198
0 0.2090332326283988 0.04898989898989899 0.005065458207452166 0.008961038961038961
0 0.09580060422960725 0.6835786435786436 0.007824773413897281 0.012481962481962483
0 0.1065055387713998 0.6832900432900433 0.007059415911379658 0.012539682539682538
0 0.11727089627391743 0.6836507936507936 0.006878147029204431 0.011313131313131313
0 0.09591137965760321 0.721919191919192 0.007603222557905337 0.012005772005772006
0 0.1060725075528701 0.722020202020202 0.0075528700906344415 0.012842712842712843
0 0.1165055387713998 0.721991341991342 0.008056394763343404 0.01341991341991342
0 0.20448136958710977 0.3877344877344877 0.008660624370594158 0.021096681096681096
0 0.2639274924471299 0.3574603174603175 0.006263846928499496 0.010072150072150073
0 0.43059415911379656 0.357027417027417 0.006686807653575025 0.01036075036075036
0 0.48663645518630416 0.35738816738816737 0.006384692849949647 0.010202020202020202
0 0.6427291037260826 0.35747474747474745 0.0051460221550856 0.008369408369408369
0 0.6643504531722055 0.7997546897546898 0.008751258811681772 0.012178932178932178