0 0.1249579831932773 0.3759560570071259 0.007714285714285714 0.0058076009501187645
0 0.13510924369747898 0.3758669833729216 0.007714285714285714 0.0058076009501187645
0 0.14469747899159663 0.37577790973871733 0.007714285714285714 0.0058076009501187645
0 0.14476470588235296 0.39306413301662707 0.007714285714285714 0.0058076009501187645
0 0.13488235294117645 0.3929750593824228 0.007714285714285714 0.0058076009501187645
0 0.12493277310924368 0.3930285035629454 0.007714285714285714 0.0058076009501187645
0 0.12491596638655462 0.5863301662707838 0.007714285714285714 0.0058076009501187645
0 0.1350672268907563 0.5862410926365795 0.007714285714285714 0.0058076009501187645
0 0.14465546218487393 0.5861520190023753 0.007714285714285714 0.0058076009501187645
0 0.14472268907563024 0.6034382422802851 0.007714285714285714 0.0058076009501187645
0 0.1348403361344538 0.6033491686460808 0.007714285714285714 0.0058076009501187645
0 0.12489075630252101 0.6034026128266033 0.007714285714285714 0.0058076009501187645
0 0.15576470588235294 0.6036995249406176 0.006126050420168067 0.004631828978622327
0 0.18731092436974792 0.6033907363420428 0.008773109243697478 0.006811163895486937
0 0.18970588235294117 0.5805285035629454 0.009025210084033614 0.006870546318289786
0 0.1924033613445378 0.566852731591449 0.008689075630252101 0.009952494061757721
0 0.19225210084033614 0.42771377672209027 0.008378151260504202 0.010302850356294538
0 0.18989915966386553 0.39862232779097384 0.008806722689075631 0.006834916864608076
0 0.18727731092436975 0.37547505938242276 0.008512605042016808 0.006472684085510689
0 0.156 0.37516033254156766 0.005411764705882353 0.004869358669833729
0 0.25210084033613445 0.38540973871733963 0.009957983193277311 0.007072446555819478
0 0.2801512605042017 0.3895961995249406 0.009168067226890756 0.007072446555819478
0 0.31858823529411767 0.3895130641330167 0.010058823529411766 0.006900237529691211
0 0.2558655462184874 0.36156769596199523 0.014521008403361346 0.00573040380047506
0 0.25009243697478994 0.34077197149643706 0.014226890756302521 0.005890736342042755
0 0.22403361344537817 0.3509263657957245 0.018016806722689075 0.014608076009501189
0 0.21424369747899158 0.339750593824228 0.015621848739495799 0.005932304038004751
0 0.26307563025210084 0.40661520190023753 0.009915966386554622 0.0077672209026128265
0 0.29594957983193276 0.4065973871733967 0.009478991596638654 0.007446555819477434
0 0.3072016806722689 0.40666270783847985 0.009210084033613446 0.007488123515439429
0 0.362672268907563 0.4066508313539192 0.009210084033613446 0.007488123515439429
0 0.34978151260504203 0.4065380047505938 0.009478991596638654 0.007446555819477434
0 0.2496050420168067 0.42902019002375297 0.008453781512605042 0.005403800475059382
0 0.22447899159663864 0.4889608076009501 0.015344537815126052 0.010077197149643705
0 0.22417647058823528 0.6276365795724466 0.01768067226890756 0.01434085510688836
0 0.2046638655462185 0.636437054631829 0.014563025210084032 0.00573040380047506
0 0.2652521008403361 0.6384382422802851 0.014142857142857141 0.006021377672209027
0 0.3697478991596639 0.6383669833729216 0.01399159663865546 0.0059026128266033255
0 0.44372268907563023 0.6393171021377672 0.010294117647058823 0.0077969121140142525
0 0.4070924369747899 0.663978622327791 0.010823529411764706 0.007030878859857482
0 0.4607899159663866 0.664311163895487 0.010991596638655463 0.007695961995249407
0 0.4986470588235294 0.6384382422802851 0.014243697478991596 0.005926365795724466
0 0.4605882352941177 0.6172624703087887 0.014285714285714285 0.005635391923990499
0 0.5081176470588235 0.6174940617577197 0.014554621848739496 0.005742280285035629
0 0.5733949579831933 0.6173693586698338 0.014352941176470587 0.0056116389548693585
0 0.6029495798319328 0.617541567695962 0.014638655462184876 0.0058372921615201905
0 0.6660504201680673 0.6103562945368171 0.01445378151260504 0.005961995249406175
0 0.7265882352941176 0.627624703087886 0.017823529411764707 0.01440023752969121
0 0.6902689075630252 0.6383907363420427 0.014823529411764706 0.005967933491686461
0 0.6579159663865546 0.6393111638954869 0.00826890756302521 0.005552256532066508
0 0.6676638655462185 0.6458907363420427 0.012974789915966387 0.005890736342042755
0 0.34085714285714286 0.5842874109263658 0.009277310924369748 0.007381235154394299
0 0.3209579831932773 0.5845783847980998 0.010151260504201681 0.007844418052256533
0 0.2623949579831933 0.5844239904988123 0.009663865546218488 0.007298099762470308
0 0.25375630252100845 0.5922980997624703 0.006840336134453782 0.007612826603325416
0 0.8597226890756303 0.6067161520190024 0.008689075630252101 0.01020190023752969
0 0.7264957983193278 0.350896674584323 0.018168067226890756 0.014275534441805226
0 0.6911344537815126 0.34051068883610447 0.014537815126050421 0.006413301662707839
0 0.6525042016806722 0.33966745843230406 0.01089075630252101 0.007339667458432304
0 0.5996134453781512 0.34089667458432305 0.012672268907563025 0.004809976247030879
0 0.5655378151260504 0.3403444180522565 0.013764705882352941 0.005130641330166271
0 0.5239663865546218 0.3405878859857482 0.014487394957983192 0.005617577197149644
0 0.44922689075630257 0.3405997624703088 0.014588235294117647 0.00576603325415677
0 0.4121764705882353 0.33339073634204275 0.01107563025210084 0.007612826603325416
0 0.39844537815126047 0.34077197149643706 0.013529411764705884 0.00586104513064133
0 0.4070672268907563 0.36160926365795726 0.01445378151260504 0.005967933491686461
0 0.48033613445378154 0.36172802850356295 0.014949579831932772 0.0059382422802850355
0 0.5773949579831933 0.36312945368171023 0.010663865546218487 0.007589073634204275
0 0.565436974789916 0.3640083135391924 0.00977310924369748 0.006282660332541568
0 0.565546218487395 0.38587292161520187 0.009756302521008403 0.007339667458432304
0 0.5889075630252101 0.3997446555819477 0.01 0.0067458432304038
0 0.5751596638655463 0.4070724465558195 0.009478991596638654 0.0068824228028503565
0 0.5737310924369748 0.42186460807600945 0.010319327731092436 0.006656769596199525
0 0.6253025210084033 0.43252375296912116 0.00838655462184874 0.005338479809976247
0 0.6275378151260504 0.4064489311163896 0.009563025210084035 0.0077672209026128265
0 0.608983193277311 0.4065142517814727 0.010361344537815126 0.007897862232779098
0 0.6374033613445378 0.4348099762470309 0.006336134453781513 0.004453681710213777
0 0.6534201680672269 0.36251187648456057 0.014294117647058825 0.005682897862232779
0 0.4152605042016807 0.3034085510688836 0.010831932773109244 0.007630641330166271
0 0.6022689075630252 0.6382957244655583 0.014420168067226891 0.0061995249406175765
0 0.2824285714285714 0.6858669833729216 0.006705882352941177 0.004964370546318289
0 0.3343949579831933 0.6859204275534442 0.006705882352941177 0.004964370546318289
0 0.3866974789915967 0.6857838479809976 0.006705882352941177 0.004964370546318289
0 0.43873109243697483 0.6857897862232778 0.006705882352941177 0.004964370546318289
0 0.5428571428571428 0.6858847980997624 0.006705882352941177 0.004964370546318289
0 0.5951680672268908 0.6857779097387173 0.006705882352941177 0.004964370546318289
0 0.27143697478991596 0.57270783847981 0.008588235294117648 0.005492874109263658
0 0.28208403361344536 0.5662589073634204 0.0058487394957983194 0.005290973871733967
0 0.43873109243697483 0.5664904988123516 0.006537815126050421 0.004685273159144893
0 0.49065546218487394 0.566478622327791 0.006521008403361344 0.004899049881235154
0 0.2823529411764706 0.4350712589073634 0.006386554621848739 0.005148456057007126
0 0.43873949579831933 0.4350118764845605 0.0067226890756302525 0.005267220902612826
0 0.490890756302521 0.4349228028503563 0.006319327731092437 0.0054453681710213775
0 0.3345126050420168 0.2922149643705463 0.006798319327731092 0.004798099762470309
0 0.3869075630252101 0.2923812351543943 0.0064285714285714285 0.004976247030878861
0 0.440109243697479 0.292583135391924 0.005831932773109244 0.0047268408551068885
0 0.4907394957983193 0.29230997624703087 0.0066890756302521006 0.005385985748218527
0 0.5428403361344538 0.29232185273159145 0.006352941176470588 0.00516627078384798
0 0.5952268907563025 0.29211995249406175 0.006252100840336135 0.0048812351543943
0 0.2823193277310924 0.29208432304038007 0.006798319327731092 0.004798099762470309
0 0.23042016806722687 0.29170427553444184 0.006386554621848739 0.0041389548693586695
0 0.8321428571428572 0.5899049881235154 0.010361344537815126 0.007393111638954869
0 0.18729411764705883 0.611312351543943 0.006857142857142858 0.004192399049881235
0 0.23052100840336134 0.6862173396674583 0.006336134453781513 0.004323040380047506
0 0.3403109243697479 0.6174524940617577 0.01364705882352941 0.00590855106888361