0 0.1948487394957983 0.3390498812351544 0.01418487394957983 0.0056710213776722095
0 0.8085546218487395 0.28331947743467933 0.008201680672268907 0.005688836104513064
0 0.8335294117647059 0.2830106888361045 0.008403361344537815 0.005546318289786223
0 0.8083529411764706 0.2902612826603326 0.008201680672268907 0.005688836104513064
0 0.8334957983193277 0.2899821852731591 0.008201680672268907 0.005688836104513064
0 0.9377731092436975 0.33815914489311166 0.00692436974789916 0.004311163895486936
0 0.8621176470588235 0.32667458432304036 0.015327731092436974 0.006057007125890736
0 0.8433109243697479 0.3333966745843231 0.010823529411764706 0.007393111638954869
0 0.8340168067226891 0.3156888361045131 0.010218487394957983 0.006057007125890736
0 0.8261764705882353 0.30542161520190025 0.006638655462184874 0.00417458432304038
0 0.8168319327731092 0.31291567695961997 0.011478991596638656 0.008230403800475058
0 0.7999915966386555 0.3155522565320665 0.010067226890756302 0.006371733966745843
0 0.8890588235294118 0.3420486935866983 0.00853781512605042 0.010439429928741091
0 0.8416470588235294 0.35359857482185275 0.020991596638655463 0.01254750593824228
0 0.8665714285714285 0.3609738717339667 0.00849579831932773 0.010112826603325416
0 0.8584117647058823 0.3844299287410926 0.011184873949579833 0.007838479809976246
0 0.8584117647058823 0.434833729216152 0.011184873949579833 0.007695961995249407
0 0.825655462184874 0.42613420427553445 0.010260504201680672 0.012618764845605701
0 0.8251512605042016 0.4389904988123515 0.011487394957983193 0.0075059382422802854
0 0.8579075630252101 0.457624703087886 0.010176470588235294 0.01178147268408551
0 0.8259831932773108 0.4993586698337292 0.010067226890756302 0.012084323040380048
0 0.8582436974789915 0.5324287410926366 0.00973109243697479 0.012042755344418054
0 0.8578487394957983 0.5517636579572446 0.010067226890756302 0.011989311163895488
0 0.8258151260504202 0.5541686460807601 0.00973109243697479 0.012066508313539193
0 0.8580756302521009 0.5876187648456057 0.01023529411764706 0.0123812351543943
0 0.8292941176470588 0.5891211401425178 0.015571428571428573 0.010249406175771972
0 0.8570672268907563 0.6084204275534442 0.008781512605042016 0.009934679334916865
0 0.9377142857142858 0.5976781472684085 0.006857142857142858 0.004358669833729216
0 0.8041344537815126 0.33302256532066504 0.01196638655462185 0.007226840855106888
0 0.8124621848739496 0.35641923990498814 0.017436974789915967 0.007042755344418052
0 0.765672268907563 0.36081353919239906 0.008554621848739495 0.005421615201900238
0 0.7656302521008403 0.3704809976247031 0.008470588235294117 0.006092636579572447
0 0.7478067226890757 0.37682897862232784 0.006386554621848739 0.004483372921615202
0 0.6501764705882354 0.3202434679334917 0.010756302521008404 0.008087885985748219
0 0.6497983193277311 0.3334085510688836 0.010352941176470589 0.007648456057007126
0 0.6895294117647058 0.33426365795724466 0.014420168067226891 0.006128266033254157
0 0.678235294117647 0.34530878859857483 0.010319327731092436 0.012304038004750594
0 0.6514201680672269 0.3569596199524941 0.015277310924369748 0.005973871733966746
0 0.6645378151260504 0.6117517814726842 0.015142857142857142 0.005926365795724466
0 0.689109243697479 0.6407541567695961 0.015394957983193278 0.006603325415676959
0 0.666453781512605 0.647790973871734 0.01357983193277311 0.00588479809976247
0 0.6554117647058824 0.6419477434679335 0.008302521008403362 0.006080760095011877
0 0.6382521008403361 0.62979216152019 0.018084033613445377 0.014762470308788599
0 0.6208235294117647 0.6191092636579572 0.01492436974789916 0.006484560570071259
0 0.6039159663865546 0.6718467933491687 0.007831932773109243 0.010486935866983373
0 0.584873949579832 0.6613479809976247 0.00834453781512605 0.0092458432304038
0 0.5740252100840336 0.6523693586698337 0.011941176470588236 0.008747030878859858
0 0.5603781512605043 0.6406650831353919 0.015058823529411767 0.006175771971496437
0 0.5494873949579832 0.6614251781472683 0.008689075630252101 0.010338479809976247
0 0.5268739495798319 0.6718883610451306 0.008899159663865546 0.010296912114014251
0 0.5380336134453781 0.6897624703087886 0.006504201680672269 0.005469121140142519
0 0.5918487394957983 0.6897446555819478 0.006504201680672269 0.005469121140142519
0 0.43005882352941177 0.6895843230403801 0.006504201680672269 0.005469121140142519
0 0.37668067226890756 0.6895427553444181 0.006504201680672269 0.005469121140142519
0 0.32310084033613445 0.6897387173396674 0.006504201680672269 0.005469121140142519
0 0.26946218487394963 0.6896377672209025 0.006504201680672269 0.005469121140142519
0 0.2161512605042017 0.6898040380047507 0.005915966386554622 0.004637767220902612
0 0.18953781512605042 0.6388598574821852 0.01445378151260504 0.005599762470308789
0 0.20929411764705882 0.6297268408551069 0.018823529411764704 0.014709026128266033
0 0.32910924369747896 0.6193942992874109 0.014672268907563025 0.005914489311163896
0 0.33476470588235296 0.6406650831353919 0.014327731092436975 0.005813539192399049
0 0.37636974789915967 0.6526187648456057 0.009260504201680671 0.007309976247030879
0 0.3891512605042017 0.6527315914489311 0.010302521008403362 0.007660332541567696
0 0.42303361344537815 0.6615023752969121 0.008025210084033615 0.009524940617577197
0 0.41216806722689076 0.6692992874109263 0.015151260504201682 0.006157957244655582
0 0.3778403361344538 0.6692755344418052 0.014361344537815126 0.005950118764845605
0 0.3178319327731093 0.6690142517814727 0.015193277310924368 0.006223277909738718
0 0.29289075630252104 0.6537529691211402 0.014689075630252102 0.0059382422802850355
0 0.26635294117647057 0.6611935866983373 0.008336134453781513 0.010243467933491686
0 0.2769663865546218 0.6693467933491687 0.014403361344537815 0.00589667458432304
0 0.2403613445378151 0.5932125890736342 0.006907563025210084 0.008378859857482185
0 0.2495798319327731 0.5851365795724466 0.009966386554621847 0.007737529691211401
0 0.3096638655462185 0.5851781472684086 0.010705882352941176 0.007755344418052257
0 0.3293109243697479 0.585124703087886 0.010100840336134453 0.0077672209026128265
0 0.4377310924369748 0.6190855106888361 0.013445378151260505 0.005243467933491687
0 0.5026974789915967 0.6176187648456056 0.010100840336134453 0.00753562945368171
0 0.521453781512605 0.6190320665083135 0.014336134453781511 0.005374109263657958
0 0.5067647058823529 0.5791270783847982 0.011899159663865547 0.008022565320665084
0 0.48410924369747904 0.5664726840855108 0.006638655462184874 0.004804038004750594
0 0.5066722689075631 0.5889251781472684 0.011714285714285714 0.0077969121140142525
0 0.2688823529411765 0.5663776722090261 0.006697478991596639 0.004839667458432304
0 0.2579075630252101 0.5730225653206651 0.008529411764705883 0.005760095011876484
0 0.1767142857142857 0.5673871733966745 0.008504201680672268 0.010344418052256533
0 0.17467226890756304 0.5814311163895487 0.010100840336134453 0.007315914489311164
0 0.171672268907563 0.6044536817102137 0.009504201680672269 0.007553444180522566
0 0.17173949579831932 0.6123990498812352 0.005831932773109244 0.0038776722090261284
0 0.13957142857142857 0.6050534441805225 0.006705882352941177 0.004619952494061758
0 0.1072016806722689 0.5866805225653207 0.007714285714285714 0.005932304038004751
0 0.11733613445378151 0.5868467933491687 0.007714285714285714 0.005932304038004751
0 0.12780672268907564 0.5867755344418052 0.007714285714285714 0.005932304038004751
0 0.12803361344537817 0.6046021377672209 0.007714285714285714 0.005932304038004751
0 0.11741176470588235 0.6044833729216152 0.007714285714285714 0.005932304038004751
0 0.10732773109243697 0.6045546318289786 0.007714285714285714 0.005932304038004751
0 0.10722689075630251 0.3704334916864608 0.007714285714285714 0.005932304038004751
0 0.11736134453781512 0.3705997624703088 0.007714285714285714 0.005932304038004751
0 0.12783193277310925 0.37052850356294537 0.007714285714285714 0.005932304038004751
0 0.12805882352941175 0.38835510688836106 0.007714285714285714 0.005932304038004751
0 0.11743697478991597 0.3882363420427553 0.007714285714285714 0.005932304038004751
0 0.10735294117647058 0.38830760095011874 0.007714285714285714 0.005932304038004751
0 0.13980672268907562 0.3703859857482185 0.006470588235294118 0.004412114014251781
0 0.17183193277310924 0.3707600950118765 0.00934453781512605 0.007672209026128266
0 0.1735126050420168 0.36272565320665084 0.005714285714285714 0.003782660332541568
0 0.17427731092436974 0.39345605700712594 0.009697478991596637 0.007553444180522566
0 0.1770252100840336 0.4242517814726841 0.009512605042016807 0.010243467933491686
0 0.20967226890756302 0.4868705463182898 0.01607563025210084 0.010771971496437055
0 0.37470588235294117 0.30351543942992876 0.010294117647058823 0.007494061757719715
0 0.30344537815126055 0.3819774346793349 0.010411764705882353 0.007321852731591449
0 0.21312605042016808 0.39086104513064135 0.00926890756302521 0.010872921615201899
0 0.26699159663865546 0.40578978622327794 0.01089075630252101 0.006995249406175771
0 0.26683193277310924 0.41912707838479807 0.010571428571428572 0.006906175771971497
0 0.30549579831932777 0.4049643705463183 0.009470588235294118 0.007381235154394299
0 0.33872268907563025 0.4049406175771971 0.009470588235294118 0.007381235154394299
0 0.3558823529411765 0.404916864608076 0.009470588235294118 0.007381235154394299
0 0.3856638655462185 0.40953681710213774 0.010252100840336134 0.006627078384798099
0 0.436327731092437 0.39859263657957245 0.013327731092436974 0.010576009501187648
0 0.5164705882352941 0.398604513064133 0.010924369747899159 0.007042755344418052
0 0.5052268907563026 0.40583729216152015 0.00988235294117647 0.007707838479809976
0 0.48411764705882354 0.4311698337292162 0.006218487394957984 0.005065320665083135
0 0.42995798319327727 0.43115201900237526 0.005630252100840337 0.004910926365795724
0 0.2695966386554622 0.4314192399049881 0.00642016806722689 0.005564133016627078
0 0.4302689075630252 0.5666270783847981 0.006857142857142858 0.004910926365795724
0 0.5917310924369747 0.2847684085510689 0.00661344537815126 0.005332541567695962
0 0.5378823529411765 0.2846496437054632 0.006781512605042017 0.005332541567695962
0 0.4841596638655462 0.28470902612826604 0.006521008403361344 0.005332541567695962
0 0.4317058823529412 0.28473871733966744 0.005478991596638655 0.004412114014251781
0 0.3765546218487395 0.2847684085510689 0.006873949579831932 0.0055760095011876485
0 0.32278991596638656 0.2847684085510689 0.006521008403361344 0.005457244655581947
0 0.26954621848739496 0.2848040380047506 0.007050420168067228 0.005391923990498812
0 0.21634453781512605 0.28446555819477437 0.0063025210084033615 0.004590261282660333
0 0.6344873949579831 0.43166864608076005 0.006983193277310925 0.0047268408551068885