0 0.21786650534381935 0.2808308393900527 0.0050272232304900185 0.0036197805329913064
0 0.27194192377495463 0.2811913923329058 0.005872151643476507 0.004333760866467151
0 0.32637426900584793 0.28119994299558215 0.0058842508570276265 0.004293857773977483
0 0.3808308126638435 0.2811814165597834 0.005864085501109094 0.004312384209776258
0 0.3890340794515023 0.3286518455180277 0.010030248033877798 0.007104175573606954
0 0.35420850978019763 0.3315633461593273 0.013950393224440413 0.005338463730939148
0 0.243502722323049 0.33154624483397466 0.0140068562210123 0.005285734644434944
0 0.20091550715870135 0.3304047313666809 0.014319419237749547 0.00526435798774405
0 0.17497882637628553 0.35936867607239564 0.0058842508570276265 0.004145646287587288
0 0.1728473482556967 0.3684380789511187 0.009673321234119781 0.007255237280889269
0 0.14027424884049203 0.3675530853641157 0.005856019358741682 0.0039888841385207355
0 0.17586206896551726 0.39138378224312387 0.009316394434361767 0.0072167592988456606
0 0.1076688848558177 0.3680903520022802 0.007233313167977414 0.00569189112156192
0 0.11820931639443437 0.36811600399030925 0.007233313167977414 0.00569189112156192
0 0.1286388384754991 0.3681202793216474 0.007233313167977414 0.00569189112156192
0 0.10762452107279694 0.38625623485820154 0.007459165154264973 0.005546529856063845
0 0.1180520266182698 0.38626763574177 0.007233313167977414 0.005520877868034773
0 0.12848154869933454 0.3862662106313239 0.007233313167977414 0.005532278751603249
0 0.11820931639443437 0.5873977483254953 0.007233313167977414 0.00569189112156192
0 0.1286388384754991 0.5874020236568335 0.007233313167977414 0.00569189112156192
0 0.10762452107279694 0.6055379791933876 0.007459165154264973 0.005546529856063845
0 0.1180520266182698 0.605549380076956 0.007233313167977414 0.005520877868034773
0 0.12848154869933454 0.6055479549665099 0.007233313167977414 0.005532278751603249
0 0.1076688848558177 0.5873720963374661 0.007233313167977414 0.00569189112156192
0 0.14027021576930834 0.6061564771269773 0.005829804396047591 0.004118569189112156
0 0.17284533172010486 0.6051945275758871 0.009709618874773139 0.007307966367393473
0 0.1759023996773543 0.5821704432093487 0.00946965113934261 0.00724953683910503
0 0.17826577939100624 0.5677440501638877 0.007630570679572495 0.00996294712840245
0 0.26063924178261744 0.573729514037338 0.007888687235329704 0.005114721390907796
0 0.2719257914902198 0.5669972922901525 0.005817705182496471 0.004155622060709705
0 0.2518451300665457 0.5863517172580875 0.009725751159507965 0.0073307681345304255
0 0.24208711433756805 0.5939447057146929 0.0062976406533575315 0.007992019381502066
0 0.25458761847146605 0.6421091634601682 0.013901996370235934 0.0052957104175573606
0 0.21094172212139542 0.631242696308964 0.01745916515426497 0.014661536269060851
0 0.1908570276265376 0.6402151916773551 0.014315386166565839 0.005198802907225309
0 0.2178886872353297 0.6921519167735499 0.0050453720508166966 0.0034245404018811458
0 0.27187134502923976 0.6918540686903235 0.005916515426497277 0.004268205785948411
0 0.32637023593466424 0.6918540686903235 0.0058620689655172415 0.004268205785948411
0 0.3808267795926598 0.6918611942425538 0.005888283928211333 0.0042824568904090065
0 0.4352913893930228 0.6918939717828132 0.00588021778584392 0.004300983326207781
0 0.5441540633192176 0.6918882713410288 0.005912482355313571 0.004319509762006555
0 0.5986146400483969 0.6918839960096907 0.005860052429925388 0.0042824568904090065
0 0.3634684412179875 0.642083511472139 0.013944343617664853 0.005272908650420407
0 0.37851784633998786 0.6612298703149495 0.010058479532163744 0.006780675502351432
0 0.45706594071385365 0.6612426963089639 0.010310546481145393 0.007092774690038478
0 0.47426497277676954 0.642079236140801 0.01410768300060496 0.005288584865327062
0 0.5046339987900786 0.6420763859199088 0.013906029441419639 0.005280034202650705
0 0.558983666061706 0.6420778110303549 0.014053236539624923 0.005285734644434944
0 0.6311796733212341 0.6418768704574604 0.012550917523694293 0.004852501068832834
0 0.6637991530550514 0.6430198090352002 0.007695099818511796 0.005372666381644578
0 0.6746884452510588 0.6501681630326349 0.014067352288767898 0.0052173293430240845
0 0.6977495462794918 0.6421718683197948 0.014091550715870134 0.005445347014393615
0 0.17300060496067754 0.6142154766994442 0.005670498084291188 0.004031637451902523
0 0.21158701351078846 0.4862362833119567 0.014513006654567452 0.00976913210773835
0 0.33228473482556964 0.6202949978623343 0.014156079854809439 0.005502351432235998
0 0.4635551522484372 0.6050448909790509 0.010104859850776367 0.006646715120421833
0 0.48626940915507155 0.609595268633319 0.010250050413389796 0.006360267920763859
0 0.5676043557168784 0.6187288014821148 0.010262149626940916 0.0070015676214906656
0 0.589449485783424 0.604473421690181 0.009951603145795523 0.006874732791791364
0 0.6509780197620487 0.619568191534844 0.007721314781205888 0.005547954966509904
0 0.6727808025811656 0.6128772979905943 0.014279088525912483 0.005382642154766995
0 0.6102258519862875 0.5963531423685335 0.007902802984472676 0.005213054011685906
0 0.588283928211333 0.5963659683625481 0.007606372252470256 0.0053270628473706715
0 0.5675761242185925 0.5968148781530569 0.010026214962694091 0.0070101182841670225
0 0.5179068360556565 0.5923827846658116 0.009963702359346642 0.0068733076813453035
0 0.46361363178060094 0.5966581160039903 0.009915305505142167 0.007045746045318512
0 0.4743758822343214 0.5852843095339888 0.00982859447469248 0.007423400313524299
0 0.5775841903609599 0.5801282599401454 0.009802379511998386 0.007124127119851789
0 0.6034281105061504 0.5692731936725096 0.00789876991328897 0.005537979193387488
0 0.3128050010082678 0.5863531423685335 0.010052429925388183 0.007329343024084367
0 0.33275862068965517 0.5863189397178281 0.00987295825771325 0.007260937722673507
0 0.21142770719903206 0.34246829129257517 0.017471264367816094 0.01473564201225595
0 0.24430530348860657 0.3532848795781673 0.014281105061504333 0.0054681487815305685
0 0.24076225045372052 0.37838677497506057 0.010461786650534382 0.006876157902237424
0 0.2696471062714257 0.38291862619353 0.009953619681387376 0.007473279179136383
0 0.3101774551320831 0.38290437508906944 0.009951603145795523 0.007372096337466153
0 0.17823149828594476 0.42281601824141374 0.0075398265779391006 0.009854638734501925
0 0.489725751159508 0.5669958671797064 0.005868118572292801 0.004186974490523015
0 0.4352732405726961 0.5669787658543537 0.005775357935067554 0.004151346729371526
0 0.43657188949384956 0.280884993587003 0.005259124823553135 0.003748040473136668
0 0.4896874369832628 0.2811600399030925 0.005845936680782415 0.0042981331053156616
0 0.5441399475700746 0.2811557645717543 0.005849969751966122 0.004258230012825994
0 0.5986307723331317 0.2811671654553228 0.0058076225045372055 0.0042824568904090065
0 0.42578745714861865 0.28599686475701863 0.010254083484573503 0.007144078666096623
0 0.4612341197822142 0.33155337038620497 0.013954426295624118 0.005244406441499216
0 0.5721375277273644 0.3315647712697734 0.01406936882435975 0.005207353569901667
0 0.6026154466626336 0.3317258087501781 0.012778786045573703 0.004814023086789227
0 0.6579310344827586 0.3305999714977911 0.009919338576325872 0.007211058857061422
0 0.6983343416011293 0.33143508621918194 0.014182294817503528 0.00539546814878153
0 0.23806614236741278 0.4238306968790081 0.00789272030651341 0.005157474704289582
0 0.25187739463601533 0.40003562776115154 0.009663238556160516 0.00741912498218612
0 0.28615043355515224 0.4000085506626764 0.009671304698527929 0.007431950976200656
0 0.2982778786045574 0.40000285022089216 0.009802379511998386 0.00741912498218612
0 0.3422766686832022 0.4000071255522303 0.009536196813873766 0.007426250534416417
0 0.35596894535188545 0.40000142511044606 0.010020165355918532 0.007414849650847941
0 0.27187739463601535 0.42992019381502067 0.005896350070578746 0.0043565626336041045
0 0.4352651744303287 0.4299672224597406 0.0059205484976809835 0.004322359982898674
0 0.47870135107884654 0.42656120849365825 0.007654769106674733 0.005277183981758586
0 0.48975801572897765 0.4299629471284025 0.00593063117564025 0.0042667806755023515
0 0.5777172817100222 0.41577882285877155 0.009709618874773139 0.007250961949551091
0 0.6296995361968138 0.42760438934017386 0.007856422665860053 0.00529713552800342
0 0.6327505545472878 0.40000570044178424 0.009699536196813874 0.007061422260225167
0 0.5912462189957652 0.40001567621490663 0.009747933051018351 0.007081373806470001
0 0.5776487194998992 0.4000142511044606 0.009876991328896955 0.007107025794499074
0 0.6423593466424683 0.4302451189967223 0.005025206694898165 0.00370956249109306
0 0.38240976003226457 0.3712997007268063 0.013916112119378907 0.005270058429528288
0 0.42084291187739464 0.3542097762576599 0.009663238556160516 0.007317942140515891
0 0.4688425085702762 0.4157930739632321 0.009983867715265174 0.007289439931594698
0 0.47749344625932644 0.40002137665669085 0.010010082677959267 0.00711985178851361
0 0.5011393426093971 0.40004702864471997 0.009983867715265174 0.007081373806470001
0 0.5677596289574511 0.378922616502779 0.01023391812865497 0.006983041185691891
0 0.5677092155676547 0.35549095054866753 0.010225851986287558 0.007057146928886989
0 0.5918652954224642 0.35633176571184266 0.01000604960677556 0.0070172438363973215
0 0.6592397660818714 0.35446772124839676 0.014103649929421255 0.005351289724953683
0 0.465247025610002 0.3776058144506199 0.01017745513208308 0.007091349579592418
0 0.4651441822948175 0.36905515177426246 0.010090744101633393 0.006968790081231295
0 0.48927001411574916 0.36466296137950693 0.010288364589635007 0.006980190964799771
0 0.47721314781205887 0.3547655693316232 0.011433756805807624 0.008259940145361265