0 0.2078878730841624 0.3909805225653206 0.01408443129873622 0.014570071258907363
0 0.12998386663081474 0.4256551068883611 0.012511427803172897 0.014690736342042756
0 0.15480505512234471 0.45427363420427547 0.014813121806937349 0.010104513064133016
0 0.18455364345254102 0.47069833729216154 0.015014788921753161 0.010399049881235155
0 0.20789862866361924 0.4706280285035629 0.014857488572196828 0.010258432304038004
0 0.17433449852110783 0.5204693586698337 0.0094030653401452 0.01306793349168646
0 0.13497983328851842 0.5329776722090261 0.01462893250873891 0.010506413301662708
0 0.17408712019360043 0.586879809976247 0.014440709868244151 0.010638479809976247
0 0.14083221296047324 0.4131353919239905 0.011153535896746437 0.008229928741092638
0 0.16834229631621406 0.41385843230403796 0.01399300887335305 0.010114964370546318
0 0.22341489647754773 0.4327838479809976 0.014610110244689433 0.01062897862232779
0 0.8187536972304383 0.39090166270783844 0.014135520301156225 0.014647980997624701
0 0.8030061844581877 0.4327581947743468 0.014443398763108363 0.01047790973871734
0 0.8172035493412207 0.4517444180522565 0.010958591019091154 0.014811401425178146
0 0.7669427265393923 0.4618498812351544 0.011270502823339607 0.007880285035629453
0 0.8202070449045442 0.47309643705463184 0.01711212691583759 0.011615201900237529
0 0.7331540736757193 0.504971971496437 0.014416509814466254 0.010647980997624703
0 0.7517087926862059 0.5050175771971497 0.014416509814466254 0.010647980997624703
0 0.6505942457649906 0.5050128266033255 0.014416509814466254 0.010466508313539192
0 0.6324710943802097 0.5050574821852731 0.014416509814466254 0.010554869358669835
0 0.6204624899166442 0.48462802850356296 0.011231513847808551 0.007741567695961996
0 0.6204490454423232 0.47399049881235156 0.011231513847808551 0.007741567695961996
0 0.6205391234202742 0.4632532066508313 0.011231513847808551 0.007741567695961996
0 0.6205256789459532 0.4526156769596199 0.011231513847808551 0.007741567695961996
0 0.6771363269696155 0.46320285035629455 0.011429147620328046 0.007741567695961996
0 0.6771497714439366 0.45256532066508315 0.01148292551761226 0.007741567695961996
0 0.535637268082818 0.49914204275534446 0.014085775746168325 0.014707838479809977
0 0.4599193331540737 0.5329520190023753 0.014560365689701532 0.010451306413301662
0 0.4638451196558214 0.5623078384798099 0.014916644259209466 0.01027458432304038
0 0.3871726270502823 0.5869121140142518 0.014399031997848883 0.010556769596199524
0 0.3673931164291476 0.586910213776722 0.014399031997848883 0.010556769596199524
0 0.31883974186609304 0.5868731591448931 0.014399031997848883 0.010556769596199524
0 0.33399166442592093 0.5190204275534441 0.014724388276418391 0.014740142517814726
0 0.38431029846732995 0.5049634204275534 0.014526754503898898 0.01068978622327791
0 0.49717934928744284 0.5912817102137767 0.020688357085237967 0.0102916864608076
0 0.5294272653939232 0.5913263657957245 0.020744823877386395 0.010282185273159146
0 0.6394702877117505 0.5868883610451306 0.014583221296047324 0.010694536817102139
0 0.6579618176929282 0.5868636579572446 0.014541543425652056 0.010743942992874109
0 0.7090131755848347 0.5869387173396674 0.01447028771175047 0.010593824228028504
0 0.7511952137671417 0.586874109263658 0.014611454692121538 0.01056437054631829
0 0.796989782199516 0.5868085510688836 0.014541543425652056 0.010672684085510689
0 0.8526189835977412 0.5868579572446556 0.01466926593170207 0.010732541567695961
0 0.8139593976875503 0.5527268408551068 0.014840010755579456 0.010285985748218528